CPUCOUNT: 8
SYNCR: 4.997202157974243
THRED: 5.061768054962158
MULTP: 1.3926513195037842
